750
475 542
847 224
484 862
382 474
238 339
15 481
364
545 873
595 455
434 643
105 617
796 234
558 226
162 697
191 27
125
951
742
406
210
508
714 805
407 458
392 478
751 711
663
567
23
674 918
825 30
371 912
633 670
528 123
52 204
995 876
350 858
495 6
195 535
161 571
393
76 341
885 244
705 957
581 894
518 503
8 269
510 846
830
285 740
67 207
701 929
108 138
947 221
587 661
262 940
439
348
702
47 345
26 169
996 386
129 2
291 866
88 482
921
11
511 946
34
66 175
330 490
787
534 930
620 544
394 31
388 151
286
78
943 249
728
277
762 760
344 449
153 903
781 726
9
273 471
383 612
668 990
678
936
424 814
182 20
165 414
381
848
761
998
666 372
723
627
44 619
337 513
591
51 290
716 892
837 405
331 227
327 981
116 993
588
997
367
302
505
63
410 664
578 911
717 252
816 54
418 522
924
650
119 395
546
181
155 927
758 413
48
698 960
93 832
173 99
550
733
376 69
817 297
185 171
366 146
134 665
46 566
628 608
402 553
81
450
470 306
840 375
681 133
800 18
211
925
801 979
652
645
35
358
509
557
956 625
59 318
715 632
688
258
834 653
196
436
977 973
300
89
143 288
454 517
427 253
812
887
172 236
409 884
584
598 102
802
445 835
909 525
263 101
247
255
695 10
562 622
55 295
986
231 988
793 932
334
861 68
284
432 601
91 343
370
200 338
727
463
552 447
915 304
572 86
469 841
53 744
516
422 271
95 188
163 872
896
706
638
937 813
856 384
373 901
257 753
635 763
180 881
680
298
216
115 699
605
964
849
693
492 689
845
623
397
950
889
568 636
890
899
487 585
833 494
4
314
90
307 84
667
147 904
437 795
368 130
140
98
789 607
256 982
124 131
12 769
385 156
415 577
96 242
411
148
245
686 657
735 289
703 524
497
464 818
794 879
45
974 589
669
865
654
549
540
750 168
416
332
387
17
324 991
444 547
208
38
575
970
541
942
166
721 71
80 583
198 322
700 64
730
736
316
40 710
279
675 266
852
480
604
28
498 97
820
109
543 868
629
958 952
757
496 144
417 808
73
743
648
962
941 749
900
529 237
403 759
419 797
939
526
731 737
827
773 919
594
408 128
183 676
82 243
882 928
251
637 160
468
202
218 150
275
533
94 214
875
966
349
41
433
32 49
806 999
205
476 662
551
246 399
615 631
435
677
438 527
851
907
347
857 783
599 609
272
987
353 65
746
137 624
822
756
423
630 206
111
72 336
673 967
250 696
92
260
877
532
499
548 117
70
378
309
644
325
118 902
561
647
500
443 828
281
564 335
722
978
641
992
356
933
752 465
37 659
972
114 355
815
467
194
179
225
836
50
985 774
83
891 390
61 810
329
504
732
283
685 461
352
690
790
431
712
908
391
19
446
261
472
223 709
725
157 720
209
777
771
560
576
62
603 0
754
926
854
694
240
389
821
655
374
145
768
217
22
775
190 521
755
184
569
473
360
441
270 798
401 953
718
254
421
199 934
299
420
274
574
807
14
106
586 365
786
864
597
459 563
126 152
582 920
916 79
770 85
36 782
683 949
7
614
176
863
642
154
483
215 573
287
363 58
319
656
25
602
555
579 618
859
21
203
590 910
451
745
220
507
430
333
429
104 788
276
785
883 984
729
922
880
983
77
57 321
853 961
149
232
87
765 871
514
222
869
741
219
278
764
803
886
457
267
692
396
914
488
301
944
671
776
315
212
229
556
923
323
826
100
74
687
379
684 310
489
13
606
230
971
616
75
691
177
292
213
778
361
425
362
440
719
640
651 452
398 537
506
320
913
170
682
838 264
515
187
888
453
799
167
963
779
935
259 968
442
610
121
201
724
189
346
592
611
554
103
294
646
766
874
460
823
265
917
400
593
56
412
3
428 359
24
898 660
158 426
969
192
1
404
141
994
193
965 523
197
60
354
954
842
377
241
570
704
174
120
178
839
844
948
5
860
466 634
824 980
456
248 512
43
811
235
519
127
520
867
767
369
791
342
29
39
831
559
479
938
293
804
42
829
878
945 501
142
975
870
713
855
580 897
905
850
16
531
313
485
596
672
906
748
280 600
639
136
312
296
311
895
268
819
679
239
708
228
328
792
539
303
113
536
107
340
739
159
989
308
530
621
747
955
565
649
734
233
380
809
658
780
110
502
112
132
843
122
538
33
477
976
491
351
139
626
893
135
448
326
772
282
931
784
707
462
738
164
959
305
493
317
486
357
186
613